%YAML:1.0
---
Transformation_Matrix: !!opencv-matrix
   rows: 4
   cols: 4
   dt: d
   data: [ 0.03552847956316163, -0.99916907257510867,
       0.019972269508678343, 79.237485346019554, 0.99929410617245618,
       0.035762848076374532, 0.011502524351559042, -26.927201135271901,
       -0.012207231828799119, 0.019549504005560988, 0.99973436491110701,
       12.215645207203266, 0., 0., 0., 1. ]
